0.000    0.00
0.010    0.05
0.020    0.15
0.030    0.10
0.040    0.00
0.050   -0.10
0.250    1.00
0.260   -0.20
0.280    0.20
0.300    0.50
0.350    0.00
0.400    0.05
0.800    0.00
0.810    0.05
0.820    0.15
0.830    0.10
0.840    0.00
0.850   -0.10
1.050    1.00
1.060   -0.20
1.080    0.20
1.100    0.50
1.150    0.00
1.200    0.05
1.600    0.00
1.610    0.05
1.620    0.15
1.630    0.10
1.640    0.00
1.650   -0.10
1.850    1.00
1.860   -0.20
1.880    0.20
1.900    0.50
1.950    0.00
2.000    0.05

      